Thu. Mar. 19, 2015             LANDSAT 5                 Time: 16:00
                         Image Assessment System
                           GCP Residual Report
----------------------------------------------------------------------------
WOID: L15071890            Path/Row: 122 / 044

L0R Reference Image: L51BKT1088329020100_HDF.150781832
Acquisition Date: Nov 24, 1988

Band Number:  5

GLS date for each WRS-2 path/row used:
Path  Row   Date
122   044   09-14-2000


Point_ID         Latitude  Longitude    Height       Across    Along    Residual  Residual
                                                      Scan      Scan      In y      in x
                                                    Residual  Residual    dir       dir
                   (deg)     (deg)     (meters)     (meters)  (meters)  (meters)  (meters)

1220440007_01   23.053571  113.930940     0.780       0.351     1.217     0.184     1.255
1220440012_01   22.864812  113.154477    -3.113       1.620     0.986     1.466     1.200
1220440017_01   23.342329  112.742602    11.885      -4.833     1.212    -4.963     0.537
1220440020_01   22.928494  113.050204    -3.556      -1.274     0.547    -1.342     0.366
1220440022_01   23.434023  113.884695     9.000      -6.168     5.272    -6.836     4.379
1220440023_01   23.343073  113.839033     1.476      -0.351     1.817    -0.595     1.753
1220440024_01   23.089259  113.658639    -2.023      -3.044     3.028    -3.433     2.582
1220440029_01   23.297908  113.116233     4.010      -2.377     0.109    -2.374    -0.219
1220440030_01   23.092539  113.704659    -0.325      -0.560    -0.799    -0.443    -0.869
1220440034_01   23.115203  113.661784     1.295      -0.754    -0.199    -0.719    -0.301
1220440035_01   23.160367  113.171482    -5.000       2.590     0.821     2.450     1.169
1220440037_01   23.249915  114.097538    24.938      -2.349     5.984    -3.147     5.610
1220440038_01   23.034529  113.723980    -2.337      -6.628    -2.042    -6.286    -2.938
1220440043_01   22.731496  113.117340    -3.028      -1.241    -1.402    -1.039    -1.560
1220440044_01   22.248700  114.142214    15.772      -1.499     6.434    -2.370     6.171
1220440048_01   23.497071  114.056913    22.220      -0.408    -2.578    -0.046    -2.611
1220440055_01   22.541592  112.783420     3.881       1.699    -4.703     2.328    -4.424
1220440057_01   22.899188  112.633953    50.500       6.501     5.019     5.738     5.866
1220440058_01   23.751173  113.333582    10.042      -5.454    -1.248    -5.237    -1.984
1220440060_01   22.854818  112.941823    -0.852       1.168    -0.678     1.245    -0.511
1220440063_01   23.025697  113.654171    -5.837       3.595     3.106     3.136     3.575
1220440064_01   22.853871  112.587513     8.255      -0.466    -0.649    -0.381    -0.708
1220440067_01   23.775607  113.142728    82.060       5.949    -0.350     5.937     0.466
1220440071_01   22.798610  113.101722    -3.108      -0.151    -1.990     0.122    -1.993
1220440078_01   23.841075  114.207075   285.308       3.462    -2.981     3.844    -2.480
1220440080_01   22.967859  113.043484    -2.814       1.226     0.187     1.185     0.354
1220440082_01   22.986278  113.967794     0.620       0.017     0.896    -0.102     0.891
1220440085_01   23.625652  114.269667    58.269      -1.437     2.420    -1.750     2.203
1220440088_01   23.023564  114.180667     2.311       0.054    -1.918     0.325    -1.894
1220440090_01   23.139197  114.069517     3.284       1.636     5.637     0.851     5.815
1220440092_01   22.543860  112.646947    26.656       3.086    -2.528     3.400    -2.079
1220440093_01   23.035778  113.882577    -1.901       0.321     2.969    -0.088     2.988
1220440094_01   23.074269  113.411601    -1.964      -3.814     1.983    -4.054     1.440
1220440095_01   23.335761  113.472024    67.027      -5.571     2.337    -5.843     1.550
1220440097_01   22.998641  113.668852    -1.844      -6.492    -0.951    -6.301    -1.838
1220440098_01   23.036411  113.562797    -4.079      -2.424     3.246    -2.850     2.883
1220440099_01   23.102509  112.772878    -3.352       6.850    -1.138     6.935    -0.186
1220440103_01   23.332149  113.390719    42.136       2.151    -2.801     2.515    -2.480
1220440114_01   23.044211  114.398183    63.326       3.767    -5.404     4.488    -4.837
1220440120_01   22.971802  113.094153     0.486      -2.423     6.110    -3.248     5.720
1220440123_01   23.464421  113.470598    12.606       2.194     3.307     1.719     3.578
1220440125_01   23.091866  113.680643    -0.979      -0.660     6.453    -1.541     6.305
1220440126_01   22.393604  113.040522    -1.978       4.315    -0.039     4.277     0.558
1220440129_01   22.721980  113.333846    -3.373       1.495     2.782     1.095     2.963
1220440131_01   22.981202  113.387129     7.834      -3.533    -1.840    -3.248    -2.311
1220440134_01   23.063358  113.636765    -4.618      -4.892    -5.218    -4.128    -5.846
1220440137_01   23.092110  114.177890     3.468       4.308    -6.449     5.166    -5.799
1220440138_01   22.706541  113.119876    -4.955       0.493    -3.315     0.943    -3.217
1220440140_01   22.883797  112.851599    -5.363      -0.606    -3.320    -0.148    -3.373
1220440141_01   22.792866  113.972932    29.598       6.432    -0.544     6.456     0.351
1220440146_01   22.960994  113.211867    -3.486       1.269    -2.498     1.600    -2.301
1220440150_01   22.816889  113.470148    -7.567      -1.662     0.245    -1.681     0.014
1220440153_01   23.896719  113.870727   273.620       1.173    -5.987     1.983    -5.772
1220440159_01   23.659535  113.674747    45.389      -5.696     1.530    -5.855     0.735
1220440160_01   23.300423  112.735017    -0.989       4.681    -0.689     4.723    -0.041
1220440163_01   23.113479  113.269702     3.828      -0.254     3.225    -0.698     3.161
1220440164_01   22.643321  113.107230    -4.328       2.785     1.440     2.557     1.811
1220440165_01   23.315526  113.449950   127.765       6.919    -4.875     7.525    -3.879
1220440166_01   22.808298  113.147159    -6.733      -0.680     3.450    -1.153     3.324
1220440167_01   23.540048  113.414438   161.559       6.252    -3.266     6.640    -2.378
1220440168_01   23.076633  112.761120    -6.219      -1.925     0.585    -1.995     0.314
1220440170_01   23.177593  113.179377    -4.916       1.973    -3.040     2.370    -2.742
1220440172_01   23.152587  113.676872     0.011      -0.822     1.496    -1.019     1.370
1220440174_01   22.453892  113.154190     0.038       0.172    -3.896     0.708    -3.837
1220440176_01   23.477673  113.041569    40.080      -0.057     3.265    -0.510     3.227
1220440177_01   23.412274  112.832752    43.535      -3.528    -0.365    -3.452    -0.846
1220440180_01   23.554211  113.265162   295.947       6.123    -6.742     6.986    -5.839
1220440182_01   23.263427  112.772948     0.240      -0.763     4.389    -1.368     4.242
1220440183_01   23.311432  112.861578    -5.833       3.853    -1.263     3.985    -0.723
1220440185_01   23.646665  113.313496   265.983       6.185    -1.112     6.276    -0.255
1220440187_01   22.614920  113.165151    -1.739      -0.051    -2.020     0.226    -2.009
1220440190_01   23.846761  114.047111   221.550       3.949     4.541     3.296     5.042
1220440192_01   22.956099  113.174056    -7.223      -0.472    -0.506    -0.401    -0.567
1220440193_01   22.779270  113.229372    -4.764      -3.612     2.364    -3.907     1.844
1220440194_01   23.363248  113.209684    -0.883       0.471     3.427    -0.008     3.460
1220440196_01   22.507870  112.560788     2.381       0.001     4.139    -0.580     4.099
1220440198_01   22.917477  113.664336    13.085       3.875    -4.777     4.502    -4.199
1220440199_01   23.232275  112.866340     3.950      -0.233     1.614    -0.459     1.566
1220440203_01   22.282062  114.235464    39.672       4.466    -3.663     4.944    -3.009
1220440204_01   23.137449  113.707024    -1.598       0.156    -4.321     0.752    -4.261
1220440206_01   22.957187  112.632016     0.696      -1.319     3.579    -1.808     3.363
1220440208_01   22.426256  112.621658     6.936      -1.468     2.992    -1.876     2.760
1220440209_01   22.879576  112.695704    10.192      -1.850    -6.504    -0.942    -6.699
1220440211_01   23.043477  113.610920    -2.073      -5.050    -0.065    -4.995    -0.761
1220440212_01   22.887286  113.114780    -2.568      -3.014     1.255    -3.163     0.828
1220440217_01   22.573307  113.075245     3.497      -1.919    -3.243    -1.455    -3.479
1220440220_01   23.504085  113.339778   193.473      -6.425    -3.110    -5.941    -3.963
1220440224_01   23.451129  113.762394    28.585       1.470     1.593     1.240     1.781
1220440226_01   23.040174  113.044281    -3.755      -2.486    -1.397    -2.275    -1.727
1220440230_01   23.350243  113.190695    -1.513      -1.899    -1.555    -1.672    -1.802
1220440242_01   23.321622  113.297859    -2.147      -2.240     2.581    -2.577     2.250
1220440244_01   22.709004  113.368951    -3.884       0.333    -1.699     0.564    -1.638
1220440248_01   23.110606  113.299814     0.497      -4.573     0.147    -4.554    -0.484
