Tue. May. 21, 2013             LANDSAT 5                 Time: 03:28
                         Image Assessment System
                           GCP Residual Report
----------------------------------------------------------------------------
WOID: L7295487            Path/Row: 122 / 044

L0R Reference Image: L51BKT1009306020100_HDF.131410820
Acquisition Date: Nov 02, 2009

Band Number:  5

GeoCover date for each WRS-2 path/row used:
Path  Row   Date
122   044   2000-09-14


Point_ID      Latitude  Longitude    Height       Across    Along    Residual  Residual
                                                   Scan      Scan      In y      in x
                                                 Residual  Residual    dir       dir
                (deg)     (deg)     (meters)     (meters)  (meters)  (meters)  (meters)

1220440008   23.915725  113.268477    32.429      -0.682    -4.018    -0.123    -4.075
1220440011   23.877115  113.241885    33.488      -2.739     0.283    -2.752    -0.096
1220440013   23.827127  113.252507    20.985      -4.068    -3.607    -3.534    -4.133
1220440014   22.880066  113.284217    -4.119       2.006    -2.707     2.363    -2.404
1220440015   22.765039  112.556392    34.016       1.766     0.505     1.680     0.745
1220440018   23.417559  112.866876    15.609       1.451    -3.191     1.879    -2.961
1220440020   22.928494  113.050204    -3.556      -1.816    -0.927    -1.670    -1.170
1220440024   23.089259  113.658639    -2.023      -2.847     0.835    -2.937     0.433
1220440025   22.744653  113.500090    -8.179      -1.273     3.341    -1.725     3.134
1220440029   23.297908  113.116233     4.010       0.349     4.682    -0.301     4.687
1220440030   23.092539  113.704659    -0.325      -2.780    -0.555    -2.679    -0.935
1220440032   23.181199  112.785635    -0.209      -2.856     4.675    -3.474     4.237
1220440033   22.337697  113.562349    33.685       0.595    -5.643     1.374    -5.508
1220440035   23.160367  113.171482    -5.000      -5.774     0.945    -5.850     0.139
1220440036   22.953651  113.155005    -4.627       2.577    -0.505     2.624    -0.144
1220440038   23.034529  113.723980    -2.337      -0.379    -0.881    -0.254    -0.925
1220440040   22.957098  113.610428    -3.808      -5.515    -2.127    -5.170    -2.872
1220440041   22.374242  113.597379    -3.132       0.679    -4.329     1.274    -4.195
1220440042   23.015926  112.713795    63.000       6.194    -2.755     6.517    -1.873
1220440044   22.248700  114.142214    15.772       0.760     6.642    -0.173     6.690
1220440048   23.497071  114.056913    22.220       2.532    -1.655     2.737    -1.291
1220440049   22.834871  113.243428     3.789       1.781    -2.998     2.181    -2.724
1220440050   23.452405  112.829489     0.000      -5.656    -1.218    -5.433    -1.985
1220440052   23.239426  113.414854   122.429      -2.339     3.635    -2.819     3.278
1220440053   22.610670  113.406354    -4.130       0.265     1.410     0.067     1.434
1220440055   22.541592  112.783420     3.881       3.435    -4.277     3.998    -3.760
1220440056   23.881237  113.800014   361.114      -1.612    -1.421    -1.402    -1.629
1220440059   23.125781  113.816578    -2.555       1.725     0.550     1.633     0.784
1220440060   22.854818  112.941823    -0.852      -0.852    -0.255    -0.808    -0.370
1220440061   23.538425  113.379160   168.229       6.256    -2.012     6.475    -1.132
1220440062   22.952861  113.307374    19.808       5.864     0.454     5.747     1.261
1220440063   23.025697  113.654171    -5.837      -2.200     1.386    -2.372     1.068
1220440064   22.853871  112.587513     8.255       0.193     5.597    -0.584     5.570
1220440065   22.769267  113.586982    -5.470       3.232     5.086     2.497     5.489
1220440068   23.188451  113.732947    -1.044      -0.095     0.591    -0.176     0.572
1220440071   22.798610  113.101722    -3.108       2.662     3.079     2.210     3.419
1220440072   23.113849  113.756317    -2.417       0.668     3.345     0.199     3.407
1220440079   22.741412  113.165679    -0.377       1.600     2.659     1.217     2.856
1220440085   23.625652  114.269667    58.269      -3.379    -3.281    -2.899    -3.719
1220440087   23.535660  113.292750   198.289       6.136     5.910     5.264     6.699
1220440088   23.023564  114.180667     2.311      -2.156    -3.596    -1.640    -3.864
1220440089   23.174119  113.700439     4.802      -1.210    -0.408    -1.142    -0.572
1220440092   22.543860  112.646947    26.656       2.352    -3.358     2.797    -2.999
1220440093   23.035778  113.882577    -1.901       4.955    -3.841     5.442    -3.121
1220440094   23.074269  113.411601    -1.964       5.080     1.320     4.851     2.010
1220440095   23.335761  113.472024    67.027       0.239    -2.639     0.602    -2.582
1220440097   22.998641  113.668852    -1.844       1.445     1.302     1.251     1.490
1220440098   23.036411  113.562797    -4.079      -0.909    -0.945    -0.770    -1.062
1220440100   22.785611  113.679581     6.876       1.051    -1.884     1.302    -1.721
1220440101   23.169951  113.222317    -1.204      -4.386    -0.988    -4.208    -1.585
1220440104   22.633465  113.577721    -0.582       3.203     2.030     2.892     2.456
1220440105   22.920836  113.473491    -5.811      -4.514    -1.196    -4.307    -1.810
1220440106   23.287405  114.290350   168.051       2.631     5.004     1.916     5.324
1220440108   23.101751  113.541494    -1.231      -3.683     4.807    -4.315     4.253
1220440109   23.370706  112.910821     0.697      -2.481    -1.744    -2.215    -2.069
1220440110   22.432484  112.567229    13.958      -0.147    -5.538     0.626    -5.505
1220440113   23.064904  113.859202    -1.918      -0.549    -5.605     0.231    -5.632
1220440114   23.044211  114.398183    63.326      -0.128    -2.247     0.183    -2.246
1220440120   22.971802  113.094153     0.486      -5.457     6.216    -6.266     5.403
1220440121   22.925962  113.078240    -2.206       1.235    -0.855     1.342    -0.676
1220440123   23.464421  113.470598    12.606      -0.191    -4.597     0.445    -4.582
1220440126   22.393604  113.040522    -1.978       2.583    -1.520     2.771    -1.146
1220440129   22.721980  113.333846    -3.373      -1.873     1.746    -2.098     1.470
1220440131   22.981202  113.387129     7.834      -1.112     1.884    -1.363     1.713
1220440133   22.814798  112.646680    33.876       1.103     0.947     0.962     1.091
1220440134   23.063358  113.636765    -4.618       0.173     1.020     0.031     1.035
1220440135   22.317889  114.176060    21.224       5.276    -1.984     5.504    -1.231
1220440138   22.706541  113.119876    -4.955      -3.997     0.861    -4.079     0.299
1220440139   22.871772  113.441328    -3.113       1.136    -5.592     1.900    -5.383
1220440140   22.883797  112.851599    -5.363       0.687    -2.011     0.961    -1.897
1220440141   22.792866  113.972932    29.598      -6.441     3.591    -6.882     2.664
1220440142   22.632137  113.490464    -5.014      -3.305    -1.618    -3.050    -2.062
1220440145   22.742154  113.572164    -2.854      -4.638     4.042    -5.157     3.362
1220440146   22.960994  113.211867    -3.486      -0.370     2.151    -0.664     2.080
1220440149   22.565558  112.696797    54.182       2.630    -4.227     3.193    -3.821
1220440150   22.816889  113.470148    -7.567      -5.663     1.101    -5.764     0.306
1220440151   23.838068  112.903179    17.890       3.485     5.330     2.721     5.759
1220440155   23.746517  113.778593   214.089       0.921     1.528     0.703     1.640
1220440159   23.659535  113.674747    45.389      -0.197    -0.180    -0.170    -0.205
1220440163   23.113479  113.269702     3.828       1.886     5.016     1.175     5.230
1220440164   22.643321  113.107230    -4.328      -0.378     0.383    -0.428     0.327
1220440167   23.540048  113.414438   161.559       3.767    -1.166     3.893    -0.636
1220440168   23.076633  112.761120    -6.219      -5.455    -2.493    -5.057    -3.223
1220440170   23.177593  113.179377    -4.916      -2.262    -0.836    -2.125    -1.141
1220440172   23.152587  113.676872     0.011      -2.902    -4.603    -2.240    -4.963
1220440174   22.453892  113.154190     0.038       3.369    -1.717     3.577    -1.233
1220440177   23.412274  112.832752    43.535      -1.579     1.651    -1.790     1.418
1220440178   23.603819  113.317152   196.609       5.251    -4.088     5.765    -3.326
1220440179   23.801105  113.986905   290.606       3.902    -6.463     4.754    -5.868
1220440180   23.554211  113.265162   295.947       5.964    -4.577     6.537    -3.712
1220440182   23.263427  112.772948     0.240      -0.950     0.848    -1.056     0.709
1220440185   23.646665  113.313496   265.983       3.370     0.960     3.206     1.414
1220440188   22.586238  114.117754    39.054       5.484     3.399     4.962     4.132
1220440190   23.846761  114.047111   221.550       0.775     4.148     0.197     4.218
1220440191   23.117760  113.885790     1.343      -1.786     5.876    -2.583     5.576
1220440192   22.956099  113.174056    -7.223      -1.184     2.121    -1.466     1.937
1220440193   22.779270  113.229372    -4.764      -1.002    -1.725    -0.753    -1.848
1220440199   23.232275  112.866340     3.950      -4.941     0.332    -4.939    -0.352
1220440201   23.018095  114.087826    18.148      -0.613    -2.809    -0.220    -2.869
1220440202   22.701457  114.010640    65.530      -2.464     0.538    -2.518     0.191
1220440203   22.282062  114.235464    39.672      -0.676    -6.563     0.242    -6.600
1220440206   22.957187  112.632016     0.696       1.437     4.296     0.829     4.454
1220440207   22.582137  112.791819    44.081       5.628    -2.037     5.857    -1.237
1220440210   22.370819  113.452298    -2.488      -0.759     1.933    -1.021     1.809
1220440211   23.043477  113.610920    -2.073      -1.478     2.311    -1.784     2.086
1220440212   22.887286  113.114780    -2.568      -1.350     3.568    -1.831     3.348
1220440213   22.738059  112.572444    27.842      -4.778     5.680    -5.519     4.964
1220440214   23.770097  113.508412    40.609       1.059    -1.855     1.305    -1.692
1220440217   22.573307  113.075245     3.497       1.321    -1.962     1.582    -1.760
1220440219   23.104746  113.623229    -5.257      -0.605    -0.997    -0.461    -1.072
1220440220   23.504085  113.339778   193.473       6.806     3.407     6.273     4.312
1220440221   23.477670  112.776387    37.961       0.890    -3.625     1.383    -3.468
1220440223   23.044137  113.325901    -2.991       4.390     4.847     3.679     5.410
1220440224   23.451129  113.762394    28.585      -1.287     1.303    -1.455     1.114
1220440226   23.040174  113.044281    -3.755      -0.308    -6.372     0.578    -6.355
1220440227   23.789263  114.327285   315.033      -0.342     4.823    -1.003     4.733
1220440228   22.564895  113.314277    -3.983      -1.043    -1.701    -0.797    -1.830
1220440229   22.907281  112.763896    -5.903      -5.108     1.560    -5.274     0.839
1220440230   23.350243  113.190695    -1.513       3.782     1.018     3.607     1.530
1220440232   23.887301  113.544536    79.085      -1.322    -2.379    -0.983    -2.539
1220440235   22.599210  113.103932    -2.623       2.001     3.511     1.495     3.756
1220440237   23.020640  113.616332    -2.667      -5.833     3.401    -6.251     2.562
1220440238   23.342569  113.417596    61.177       5.309    -4.752     5.917    -3.976
1220440240   23.316443  113.244102    -0.263      -2.761     0.583    -2.815     0.197
1220440242   23.321622  113.297859    -2.147      -4.513     2.416    -4.805     1.771
1220440245   22.895221  113.067538    -2.747      -1.367    -2.789    -0.967    -2.952
